_model	destroy.BOWnobound10all.PPMIno.LENGTH5000.SOCPOSnav	destroy.BOWnobound10all.PPMIno.LENGTHFOC.SOCPOSnav	destroy.BOWnobound10all.PPMIselection.LENGTH5000.SOCPOSnav	destroy.BOWnobound10all.PPMIselection.LENGTHFOC.SOCPOSnav	destroy.BOWnobound10all.PPMIweight.LENGTH5000.SOCPOSnav	destroy.BOWnobound10all.PPMIweight.LENGTHFOC.SOCPOSnav	destroy.BOWnobound10nav-nap.PPMIno.LENGTH5000.SOCPOSnav	destroy.BOWnobound10nav-nap.PPMIno.LENGTHFOC.SOCPOSnav	destroy.BOWnobound10nav-nap.PPMIselection.LENGTH5000.SOCPOSnav	destroy.BOWnobound10nav-nap.PPMIselection.LENGTHFOC.SOCPOSnav	destroy.BOWnobound10nav-nap.PPMIweight.LENGTH5000.SOCPOSnav	destroy.BOWnobound10nav-nap.PPMIweight.LENGTHFOC.SOCPOSnav	destroy.BOWnobound10nav.PPMIno.LENGTH5000.SOCPOSnav	destroy.BOWnobound10nav.PPMIno.LENGTHFOC.SOCPOSnav	destroy.BOWnobound10nav.PPMIselection.LENGTH5000.SOCPOSnav	destroy.BOWnobound10nav.PPMIselection.LENGTHFOC.SOCPOSnav	destroy.BOWnobound10nav.PPMIweight.LENGTH5000.SOCPOSnav	destroy.BOWnobound10nav.PPMIweight.LENGTHFOC.SOCPOSnav	destroy.BOWnobound15all.PPMIno.LENGTH5000.SOCPOSnav	destroy.BOWnobound15all.PPMIno.LENGTHFOC.SOCPOSnav	destroy.BOWnobound15all.PPMIselection.LENGTH5000.SOCPOSnav	destroy.BOWnobound15all.PPMIselection.LENGTHFOC.SOCPOSnav	destroy.BOWnobound15all.PPMIweight.LENGTH5000.SOCPOSnav	destroy.BOWnobound15all.PPMIweight.LENGTHFOC.SOCPOSnav	destroy.BOWnobound15nav-nap.PPMIno.LENGTH5000.SOCPOSnav	destroy.BOWnobound15nav-nap.PPMIno.LENGTHFOC.SOCPOSnav	destroy.BOWnobound15nav-nap.PPMIselection.LENGTH5000.SOCPOSnav	destroy.BOWnobound15nav-nap.PPMIselection.LENGTHFOC.SOCPOSnav	destroy.BOWnobound15nav-nap.PPMIweight.LENGTH5000.SOCPOSnav	destroy.BOWnobound15nav-nap.PPMIweight.LENGTHFOC.SOCPOSnav	destroy.BOWnobound15nav.PPMIno.LENGTH5000.SOCPOSnav	destroy.BOWnobound15nav.PPMIno.LENGTHFOC.SOCPOSnav	destroy.BOWnobound15nav.PPMIselection.LENGTH5000.SOCPOSnav	destroy.BOWnobound15nav.PPMIselection.LENGTHFOC.SOCPOSnav	destroy.BOWnobound15nav.PPMIweight.LENGTH5000.SOCPOSnav	destroy.BOWnobound15nav.PPMIweight.LENGTHFOC.SOCPOSnav	destroy.BOWnobound5all.PPMIno.LENGTH5000.SOCPOSnav	destroy.BOWnobound5all.PPMIno.LENGTHFOC.SOCPOSnav	destroy.BOWnobound5all.PPMIselection.LENGTH5000.SOCPOSnav	destroy.BOWnobound5all.PPMIselection.LENGTHFOC.SOCPOSnav	destroy.BOWnobound5all.PPMIweight.LENGTH5000.SOCPOSnav	destroy.BOWnobound5all.PPMIweight.LENGTHFOC.SOCPOSnav	destroy.BOWnobound5nav-nap.PPMIno.LENGTH5000.SOCPOSnav	destroy.BOWnobound5nav-nap.PPMIno.LENGTHFOC.SOCPOSnav	destroy.BOWnobound5nav-nap.PPMIselection.LENGTH5000.SOCPOSnav	destroy.BOWnobound5nav-nap.PPMIselection.LENGTHFOC.SOCPOSnav	destroy.BOWnobound5nav-nap.PPMIweight.LENGTH5000.SOCPOSnav	destroy.BOWnobound5nav-nap.PPMIweight.LENGTHFOC.SOCPOSnav	destroy.BOWnobound5nav.PPMIno.LENGTH5000.SOCPOSnav	destroy.BOWnobound5nav.PPMIno.LENGTHFOC.SOCPOSnav	destroy.BOWnobound5nav.PPMIselection.LENGTH5000.SOCPOSnav	destroy.BOWnobound5nav.PPMIselection.LENGTHFOC.SOCPOSnav	destroy.BOWnobound5nav.PPMIweight.LENGTH5000.SOCPOSnav	destroy.BOWnobound5nav.PPMIweight.LENGTHFOC.SOCPOSnav	destroy.LEMMAPATHselection2.PPMIno.LENGTH5000.SOCPOSnav	destroy.LEMMAPATHselection2.PPMIno.LENGTHFOC.SOCPOSnav	destroy.LEMMAPATHselection2.PPMIselection.LENGTH5000.SOCPOSnav	destroy.LEMMAPATHselection2.PPMIselection.LENGTHFOC.SOCPOSnav	destroy.LEMMAPATHselection2.PPMIweight.LENGTH5000.SOCPOSnav	destroy.LEMMAPATHselection2.PPMIweight.LENGTHFOC.SOCPOSnav	destroy.LEMMAPATHselection3.PPMIno.LENGTH5000.SOCPOSnav	destroy.LEMMAPATHselection3.PPMIno.LENGTHFOC.SOCPOSnav	destroy.LEMMAPATHselection3.PPMIselection.LENGTH5000.SOCPOSnav	destroy.LEMMAPATHselection3.PPMIselection.LENGTHFOC.SOCPOSnav	destroy.LEMMAPATHselection3.PPMIweight.LENGTH5000.SOCPOSnav	destroy.LEMMAPATHselection3.PPMIweight.LENGTHFOC.SOCPOSnav	destroy.LEMMAPATHweight.PPMIno.LENGTH5000.SOCPOSnav	destroy.LEMMAPATHweight.PPMIno.LENGTHFOC.SOCPOSnav	destroy.LEMMAPATHweight.PPMIselection.LENGTH5000.SOCPOSnav	destroy.LEMMAPATHweight.PPMIselection.LENGTHFOC.SOCPOSnav	destroy.LEMMAREL1.PPMIno.LENGTH5000.SOCPOSnav	destroy.LEMMAREL1.PPMIno.LENGTHFOC.SOCPOSnav	destroy.LEMMAREL1.PPMIselection.LENGTH5000.SOCPOSnav	destroy.LEMMAREL1.PPMIselection.LENGTHFOC.SOCPOSnav	destroy.LEMMAREL1.PPMIweight.LENGTH5000.SOCPOSnav	destroy.LEMMAREL1.PPMIweight.LENGTHFOC.SOCPOSnav	destroy.LEMMAREL2.PPMIno.LENGTH5000.SOCPOSnav	destroy.LEMMAREL2.PPMIno.LENGTHFOC.SOCPOSnav	destroy.LEMMAREL2.PPMIselection.LENGTH5000.SOCPOSnav	destroy.LEMMAREL2.PPMIselection.LENGTHFOC.SOCPOSnav	destroy.LEMMAREL2.PPMIweight.LENGTH5000.SOCPOSnav	destroy.LEMMAREL2.PPMIweight.LENGTHFOC.SOCPOSnav	destroy.LEMMARELagent.PPMIno.LENGTH5000.SOCPOSnav	destroy.LEMMARELagent.PPMIno.LENGTHFOC.SOCPOSnav	destroy.LEMMARELagent.PPMIselection.LENGTH5000.SOCPOSnav	destroy.LEMMARELagent.PPMIselection.LENGTHFOC.SOCPOSnav	destroy.LEMMARELagent.PPMIweight.LENGTH5000.SOCPOSnav	destroy.LEMMARELagent.PPMIweight.LENGTHFOC.SOCPOSnav	destroy.LEMMARELboth.PPMIno.LENGTH5000.SOCPOSnav	destroy.LEMMARELboth.PPMIno.LENGTHFOC.SOCPOSnav	destroy.LEMMARELboth.PPMIselection.LENGTH5000.SOCPOSnav	destroy.LEMMARELboth.PPMIselection.LENGTHFOC.SOCPOSnav	destroy.LEMMARELboth.PPMIweight.LENGTH5000.SOCPOSnav	destroy.LEMMARELboth.PPMIweight.LENGTHFOC.SOCPOSnav	destroy.LEMMARELpatient.PPMIno.LENGTH5000.SOCPOSnav	destroy.LEMMARELpatient.PPMIno.LENGTHFOC.SOCPOSnav	destroy.LEMMARELpatient.PPMIselection.LENGTH5000.SOCPOSnav	destroy.LEMMARELpatient.PPMIselection.LENGTHFOC.SOCPOSnav	destroy.LEMMARELpatient.PPMIweight.LENGTH5000.SOCPOSnav	destroy.LEMMARELpatient.PPMIweight.LENGTHFOC.SOCPOSnav
destroy.BOWnobound10all.PPMIno.LENGTH5000.SOCPOSnav	0	1.87502836131544	2.27700791290082	2.82965453865605	3.87098508376985	3.98109600703915	2.63025012876835	2.94710960274735	3.45282369551314	3.58802613291621	4.1537406702476	4.1756098789886	3.57845083072015	3.63728416297615	3.92164287746519	3.95327206364756	4.30992287388753	4.29344234397235	2.69543890491563	2.99011387391037	3.1202568094376	3.39336561481709	4.05506144482293	4.13676341521758	3.31192129521623	3.44383429925257	3.70068618113479	3.82369175777315	4.23018749994915	4.26053533789927	3.78975722105677	3.8255264507506	4.0454735748186	4.08542679711836	4.3724585123995	4.36979075947394	3.79104758287642	3.72226261137548	4.1196354137293	3.99447104761081	4.45526286998821	4.40330369085136	4.23527037415515	4.14233053661928	4.52390861059237	4.38532502657418	4.64916192125905	4.57403985059222	4.51684997163321	4.41341090854768	4.65644014004688	4.51942894457278	4.71557057285966	4.62903601323233	4.56811199340079	4.40067750791993	4.66036752149293	4.48586483575511	4.68926474578212	4.63307523199284	4.28356225608761	4.13107388058342	4.43038804048179	4.28225084929975	4.5530243606692	4.50711050072759	4.44066723113547	4.25171321276767	4.54476846524076	4.34798989854678	4.77413818435282	4.7030378685203	4.66846022873947	4.58488067477723	4.62656073734545	4.59382547658863	4.7479874716568	4.63827479819715	4.7786475517469	4.67288388871851	4.81632843603738	4.76390646934512	3.87307070969165	4.02404407824672	3.77710171157594	3.87948007727291	3.70729656926313	3.82132506773192	4.20421412760104	4.23040268539307	4.17869239911485	4.18444301089655	4.14145183942942	4.17973517535798	4.22879383497623	4.3015624873249	4.18079423764763	4.25868589629135	4.15217173220922	4.2293658069159
destroy.BOWnobound10all.PPMIno.LENGTHFOC.SOCPOSnav	1.87502836131544	0	2.72168201957438	2.12445117269347	3.58311138216921	3.38136586190591	2.71498234895663	2.03890745805187	3.33797202039574	2.87967315167241	3.80740685607849	3.58824077509998	3.30192073708929	2.86000903782444	3.64366641414466	3.29411462238578	3.96923329995171	3.75553627128278	2.84156488907499	2.40243248913436	3.17190742343538	2.8151882290069	3.70734026840339	3.57233457041416	3.20163824902908	2.8386028704464	3.51238635444886	3.22523668563944	3.86629212708357	3.71646659839398	3.50862991229992	3.22490550158264	3.75697421376249	3.5131272390707	4.01858994567945	3.86124340180368	4.04711891972518	3.51866193100996	4.28894978159729	3.76532038669073	4.3278086035927	4.06700950787794	4.26391948461957	3.82835594448457	4.48007134546334	4.05277094596768	4.46029911865413	4.23042646550351	4.41630968536911	4.0880095461746	4.53869614778303	4.19180180257898	4.53916813496337	4.32211699370013	4.6745686536463	4.26748756502086	4.73735865533057	4.34783390524548	4.59715382561055	4.40377741475969	4.40472142155469	3.93841326355628	4.51250785860719	4.08610215046871	4.4173587856903	4.20949438677319	4.54512739303731	4.09867838480607	4.6159895596766	4.18059729121305	4.73691871785992	4.54989898205302	4.5813349538239	4.40043907493702	4.49035356612657	4.39049325556999	4.71741355751286	4.43413313667917	4.72491650047403	4.45888335698387	4.68129113225076	4.52112882428228	3.73810873081257	3.87273884628178	3.63444850050034	3.72975706490839	3.56630635052123	3.67093558426981	4.07397962872302	4.01729337528055	4.02549852908026	3.9654834872895	3.97126062378252	3.95616360523618	4.1253339372274	4.19020848592356	4.07451714428814	4.14611405999716	4.04450919396132	4.11511716230589
destroy.BOWnobound10all.PPMIselection.LENGTH5000.SOCPOSnav	2.27700791290082	2.72168201957438	0	2.11151507620606	3.53214402057683	3.74557456436038	3.40823908987747	3.4480486952059	2.89342714733878	3.22643316094257	3.89849712569804	3.99060090288342	3.74323833895806	3.76209594696578	3.60438786089354	3.73532114296083	4.08523860112754	4.12374806352853	3.37469005132115	3.49781999705029	2.67680103441567	3.12918038105392	3.80543752927952	3.97019012932239	3.85814477068592	3.84450634318392	3.43976900225077	3.6609201433025	4.02747730898635	4.12011738548219	4.01625904688102	3.99943156805786	3.88083441198408	3.98110110541404	4.1737887837228	4.22638460465125	3.76626460567247	3.717238992416	3.68602902572396	3.64070821245385	4.23294135323628	4.21703894072371	4.31045856573304	4.18082835712077	4.24020571617125	4.15065615421432	4.47277301899887	4.41914227901775	4.40680806716109	4.3114667962971	4.4299182472956	4.32488524904873	4.54030618208845	4.47449389506795	4.4984375305554	4.34756378824211	4.43268129950962	4.28359752263191	4.49346972691916	4.47140079671707	4.2437765622487	4.11669863192102	4.15014778613013	4.0486132465549	4.36293407868334	4.34890270664846	4.37853602794869	4.20093098244016	4.29978684537153	4.11934151902246	4.72416632850576	4.65630470389219	4.5238461870524	4.4686055404883	4.48398781882331	4.48340451545501	4.66924097700319	4.56455898068136	4.59599216535597	4.51238512161286	4.63071256875763	4.60670963317616	3.88010771311889	4.01451496460952	3.76578400264551	3.86279682442689	3.70064490066801	3.80799876819205	4.12999304060408	4.1563477511407	4.06576490821677	4.08348636005234	4.01746571428307	4.08153563012595	4.11383058369303	4.2037018777846	4.05431893640987	4.14442692014653	4.02715645555248	4.11399621902407
destroy.BOWnobound10all.PPMIselection.LENGTHFOC.SOCPOSnav	2.82965453865605	2.12445117269347	2.11151507620606	0	3.15168794329295	2.81736547088145	3.33512947994087	2.68414478049646	2.92511873709744	2.11444985202963	3.41740944224089	3.09705253466048	3.45604562473577	2.96835456590022	3.332263063446	2.76296439318656	3.6195772145533	3.31980235946638	3.42521233066086	3.03346295639058	2.94893386648264	2.36566454411592	3.383285035635	3.1779699059273	3.65359625082669	3.24908052946306	3.29701455598236	2.84283126269882	3.55238112774456	3.34424540868465	3.70618255484008	3.37325913728302	3.58732831109887	3.21768217764008	3.72157840657592	3.51276838006069	4.07539692241261	3.51640060711083	4.04329614740763	3.35360651301318	4.07430841815562	3.72827417484907	4.31144723517305	3.79957324685042	4.25225153803727	3.69678397022738	4.21831290066729	3.91874735050687	4.3140279245238	3.92741066979868	4.33148154237499	3.87979876793337	4.30176784513072	4.02986261853225	4.66360385003764	4.21470917127694	4.62430548419512	4.1494669931344	4.43326308153743	4.18841287722273	4.39023891359805	3.90163569481218	4.34096570772541	3.79984944570215	4.20447753350793	3.93240004497255	4.53317870219042	4.05450040666084	4.48698304547979	3.94166525239896	4.70087552382063	4.47547628091134	4.48246848718411	4.2664592496503	4.37196602238362	4.25526329710668	4.66506774052639	4.3191389107283	4.60228672181199	4.26147185099048	4.51433227693839	4.30844847260133	3.71310937463945	3.83106227320737	3.59067578786558	3.67522657990193	3.5314972670148	3.62337650864474	3.96621717044656	3.87965239691205	3.88631197785808	3.80127332454817	3.82590177218074	3.79599914230871	4.01422215065141	4.09226957778463	3.95294412839868	4.03125588273948	3.92536779677687	4.00050405554167
destroy.BOWnobound10all.PPMIweight.LENGTH5000.SOCPOSnav	3.87098508376985	3.58311138216921	3.53214402057683	3.15168794329295	0	1.71925310430017	3.82743278996411	3.57371125754251	3.40728294296844	3.18990312277072	1.609413476513	2.29277241962466	3.60800308271551	3.52012521137912	3.37963366367053	3.34221265349964	2.23934741467908	2.65091409321476	4.10384893799632	3.89624559040419	3.82321309109765	3.53837619727717	2.01966098585317	2.51165357110694	4.08156186569079	3.90474661053175	3.74360407009576	3.58515334990658	2.43868024073812	2.81724822094642	3.9329214423793	3.84384822928434	3.76564274119686	3.70646616436076	2.779475244722	3.0421707231124	4.27794565093424	3.93365106711616	4.19378940044553	3.77077385992668	3.00430396510966	3.12188623272678	4.30007964325134	4.0070960815712	4.13003812524283	3.84364977788384	3.38273542766204	3.47446405603739	4.12859431013388	3.96954221815307	4.0973039580988	3.91449293782766	3.61756080770733	3.66502297836898	4.55156142341983	4.18776318612018	4.48516400384195	4.10723860100672	3.71959807352172	3.72340598181643	4.36697627496224	3.9771544113908	4.28707577558733	3.8699975475534	3.28073132378934	3.32240532125795	4.42045691559139	4.01988072948045	4.34668763004573	3.89984795174689	4.52126819167775	4.40929023313121	4.24026599579537	4.16944868164924	3.96518987420043	4.04208466805601	4.3634710710168	4.14136765399419	4.25948507027047	4.06649654655701	3.86900685123102	3.89340459159371	3.72418469243813	3.87903367397405	3.58419795588242	3.72332487933158	3.50811195777885	3.66303114870746	3.86797583421268	3.86584656759096	3.73080809969229	3.75714226905489	3.59749706596396	3.7147080803037	3.89131185050864	4.05162811285546	3.77327337526648	3.94391683992366	3.75234063089579	3.91691818019154
destroy.BOWnobound10all.PPMIweight.LENGTHFOC.SOCPOSnav	3.98109600703915	3.38136586190591	3.74557456436038	2.81736547088145	1.71925310430017	0	3.85946671329522	3.2573292689982	3.54067261478591	2.72164014262837	2.06298951858372	1.20541712149997	3.6662062611793	3.20535224465672	3.48158330238501	2.88743821788783	2.47811412368321	1.88004023299923	4.12016493893351	3.70490888063156	3.90896242580019	3.25998423285497	2.38676727486041	1.91675357748876	4.02682809157385	3.62232812399671	3.7463147585152	3.19227269236801	2.56352773423865	2.16490716572547	3.89978381014714	3.57188882880908	3.7450468314308	3.32371302342874	2.85117821900766	2.49443924119472	4.46431836556481	3.85428705850743	4.42116616931765	3.65041656763334	3.39394758502221	2.84431421431676	4.3979397233089	3.80451073612023	4.26926875023602	3.58953473397498	3.54574592855727	3.12335719644506	4.25579942971991	3.80052203048176	4.20977955110134	3.67722255474863	3.73655700271038	3.37170052173609	4.70177907447089	4.14871184105371	4.66446818096111	4.06923910542378	3.9995786846939	3.63958693755179	4.50102188881756	3.90900120933678	4.45929258779148	3.78323840884786	3.6000862873785	3.17316194293033	4.57984085273071	4.00461196068711	4.53393428729503	3.86536192216031	4.57515313532303	4.29127599399713	4.30965426555757	4.04569107672462	4.05174521174522	3.92098788127337	4.51782907566179	4.05464079389316	4.43880530582025	3.98038755632961	4.07873765078131	3.78549044873376	3.65142915530289	3.7811544996347	3.4959700892891	3.60118330566816	3.42708920095349	3.54451979823687	3.80871211332167	3.66001693770935	3.67643082338384	3.55931250410391	3.54914078376572	3.51433144837577	3.88076379857955	3.9759872773556	3.78150251771876	3.88457389093623	3.75437258286334	3.85392861222205
destroy.BOWnobound10nav-nap.PPMIno.LENGTH5000.SOCPOSnav	2.63025012876835	2.71498234895663	3.40823908987747	3.33512947994087	3.82743278996411	3.85946671329522	0	1.8280943215551	2.42254202472358	2.85714967057849	3.61670127822389	3.75678641068265	2.74712082878011	2.99422197054822	3.22346407564266	3.40747108593427	3.87137282234976	3.93569545493066	3.34877235646964	3.35164897631896	3.72630429255609	3.66977787571886	3.96639106343876	4.00959526828163	2.6096938793456	2.89923320501835	3.03866515683695	3.32494421200558	3.78352776906028	3.91495759164625	3.29592585551667	3.419109063006	3.53296923412676	3.67500467062747	4.00469292175551	4.06774786018483	4.26574944860111	4.01998718914842	4.50749867712808	4.20082522722009	4.43334491218054	4.32660178227344	3.66391070827482	3.65442287280649	4.04244227506051	3.96234047583016	4.28352008655112	4.28651813834782	4.14738611773805	4.08048044017494	4.30792680720738	4.19890961243129	4.43528588447216	4.38774390037276	4.81826982410491	4.54958011316645	4.89247440518297	4.6164616572284	4.70839552765123	4.59320607275189	4.61073045893924	4.33008940405248	4.72992224867015	4.4491931095872	4.58519819532723	4.47270787129387	4.67999064154731	4.3716516786553	4.75829876717871	4.43588570185619	4.67446548063455	4.57489353701359	4.56278502019415	4.47407648381645	4.49135685837711	4.48062064756447	4.65791424848302	4.51193672417457	4.68074295572124	4.54118841827968	4.703793462901	4.64157205521639	3.87835669457102	3.98744185115372	3.7291412232971	3.82912330207255	3.65802850960838	3.77054945050212	4.20624944211732	4.17334661142617	4.12343469948569	4.11659241476467	4.06267304640488	4.10089840958266	4.18061368321137	4.27446795174606	4.11416829411072	4.21781516858434	4.08439943429987	4.18806704422554
destroy.BOWnobound10nav-nap.PPMIno.LENGTHFOC.SOCPOSnav	2.94710960274735	2.03890745805187	3.4480486952059	2.68414478049646	3.57371125754251	3.2573292689982	1.8280943215551	0	2.66511981088936	2.07045805931504	3.35508723196551	3.13458413185707	2.7417432355153	2.14259168422799	3.11150489345586	2.6929102661339	3.60162710376563	3.37538339885283	3.38189746780455	2.90856610643114	3.64390910249281	3.13517627563103	3.67032587170894	3.46014037528891	2.79884700789836	2.37026257815078	3.0362528641103	2.71614506353942	3.4879274016159	3.35525977931167	3.18278914922868	2.84435018807199	3.35380226822954	3.08402322491724	3.71231920987515	3.55398974545918	4.36974484108076	3.78975201501576	4.54400222983604	3.92953612043359	4.32613593589714	3.99047423677686	3.90203756045653	3.40436216193638	4.13781641475822	3.65934025126065	4.16545559302382	3.94018869687567	4.15732149595034	3.77402112301968	4.27515661151622	3.88013240914499	4.30574746210877	4.07408038289586	4.84416058475572	4.38942612593747	4.8847257324003	4.43080131202729	4.61820286904935	4.36141991580874	4.62659361511182	4.11906422774558	4.70748320181674	4.20825369611927	4.45467038024871	4.17019593483923	4.70985019011479	4.21113204409987	4.75345819859769	4.23936809901079	4.66606210394334	4.44501150448405	4.50178981884512	4.30315710185786	4.39252581566019	4.29065615656221	4.66594135810808	4.32736654808308	4.66195777000386	4.34074218675674	4.6045026869793	4.40797568740658	3.74257962858166	3.85140617920923	3.59808530514396	3.69138853942731	3.53192747349587	3.63419197287223	4.04145260418937	3.92862022366197	3.95859824671878	3.87566665514102	3.8883712197396	3.86007147964674	4.05866348186137	4.13584905627026	4.00148565154598	4.08657533164664	3.97019951999216	4.05699516381737
destroy.BOWnobound10nav-nap.PPMIselection.LENGTH5000.SOCPOSnav	3.45282369551314	3.33797202039574	2.89342714733878	2.92511873709744	3.40728294296844	3.54067261478591	2.42254202472358	2.66511981088936	0	2.0258805569709	3.06774235093283	3.37531666984951	2.8606895937195	3.0480692153197	2.38397007643605	2.88600282583538	3.41501310865086	3.59188925827979	3.88555264714834	3.78577404873249	3.50337342259202	3.49548420192865	3.644859999885	3.77111213183858	3.37147275742188	3.41195054724728	2.41981574409768	2.95415744645488	3.36694433358729	3.62653600999327	3.53353090338829	3.57343072686867	3.13203084449345	3.40312888094255	3.63858995208847	3.79335598735226	4.26922209008479	4.02449098838309	4.19509176979636	3.90714306751097	4.16348151626762	4.08364947036241	3.71379104778206	3.6520405946787	3.50063772632052	3.5426424680332	3.93862183787797	4.00188524366391	3.93464163341486	3.88261645271047	3.89988064121919	3.86280414128547	4.12175389622892	4.1203838553699	4.81981207769905	4.54320946726085	4.75071637562638	4.4691784346389	4.49455832207125	4.40298456443878	4.63906545738841	4.34467497796921	4.56940307049628	4.29017451527876	4.38171746840826	4.28909537750139	4.67814727085101	4.34493011894437	4.59467774119234	4.24805808857549	4.61754639752839	4.51516137363155	4.37317243058396	4.30776184146992	4.28566388500977	4.3135050832085	4.58358350034582	4.43233896474709	4.48073791936397	4.35377589515839	4.47460192760682	4.44450301210505	3.8851642488996	3.99179143337646	3.71938789828935	3.81662673355507	3.65416697357301	3.76120127265962	4.17872278797863	4.13877440093894	4.06703437102928	4.05401377742648	3.98715525253869	4.04001496184754	4.10515749435893	4.20980408851722	4.02448752310115	4.13556788572778	4.00028918866361	4.11073903602633
destroy.BOWnobound10nav-nap.PPMIselection.LENGTHFOC.SOCPOSnav	3.58802613291621	2.87967315167241	3.22643316094257	2.11444985202963	3.18990312277072	2.72164014262837	2.85714967057849	2.07045805931504	2.0258805569709	0	2.84229884437146	2.48327860174054	2.9837262359606	2.38251764367143	2.65558672967941	1.84255175104683	3.16813416925912	2.81834525943616	3.84483564660915	3.41114355197656	3.56999392600002	2.91924130231208	3.37448262080444	3.08203988625741	3.40715171383623	2.98021799326833	2.75539310214449	2.23506649593524	3.08939757746282	2.89184357319751	3.4468041715664	3.07725983092543	3.12846499892176	2.70509958009779	3.35887904660954	3.13291550947394	4.42551956909591	3.82354099089086	4.39344596710073	3.64412567060047	4.10873955199946	3.67596269062882	3.99479441527865	3.41367005741717	3.85503361347778	3.21734905216999	3.88423832334726	3.57507997097971	4.05918397973544	3.60290950046356	4.02538315177714	3.50330806883455	4.04170380051984	3.7409372235831	4.86349760954576	4.3654882541203	4.82112119770023	4.28807269031138	4.47860921717082	4.16131870558704	4.6567288225194	4.11427177633777	4.61846540504829	4.02438847915727	4.28685288694244	3.92810081366651	4.73275875748574	4.19126327005751	4.67900592248112	4.06440180357507	4.64392157511314	4.37778787669942	4.39045368912923	4.14529818644373	4.25854730467716	4.12931757880265	4.63001487480781	4.22520979788488	4.54894578520383	4.14853656289009	4.45021675410668	4.20042419729549	3.72045998633102	3.82077467348433	3.55751995117531	3.64061118639536	3.49954882355793	3.59101156557532	3.98069142406424	3.83434750485838	3.8689550364295	3.75002294225313	3.79441893756465	3.74070182392979	3.98402054650625	4.06186965658209	3.90939591532045	3.99278210996108	3.88297098290244	3.96595189908421
destroy.BOWnobound10nav-nap.PPMIweight.LENGTH5000.SOCPOSnav	4.1537406702476	3.80740685607849	3.89849712569804	3.41740944224089	1.609413476513	2.06298951858372	3.61670127822389	3.35508723196551	3.06774235093283	2.84229884437146	0	1.69167882425263	3.36413733433005	3.26143973931929	3.02768444821765	2.99060785181286	1.57479021782599	2.1712501275002	4.31244455002464	4.07784527648035	4.08802922316901	3.74829061933617	2.4603514982087	2.71576004691168	3.99301118296468	3.81150637809888	3.52559352850081	3.38416251204173	1.98926473169783	2.51184037918237	3.83981477840942	3.73478844159096	3.55304931709301	3.501549034062	2.44452901291531	2.77966213544806	4.48287090188681	4.0813170396489	4.40037054944164	3.88047622760055	3.3306071546547	3.23410039445634	4.07545313921089	3.75741874483756	3.84036336995929	3.52230999434915	2.98301460421166	3.1306224284943	3.9444860653934	3.74143635613623	3.86579521928934	3.64551592973351	3.3167167838903	3.37641343655075	4.75036049391971	4.32696393079357	4.69050375843739	4.24594769807465	3.97928045251153	3.84457638949479	4.57584072632096	4.13185684968385	4.49493803199138	4.01095886762986	3.59517022727482	3.47316895670181	4.61357733863264	4.15014866901602	4.53846625855915	4.00812629838626	4.50233430536256	4.34616869983792	4.19623876669754	4.09482915280554	3.90930425742774	3.96906937543094	4.42479246506885	4.11974884946521	4.31487726048552	4.03641095479086	3.9553983431474	3.8973882521382	3.7361221202086	3.86135195773384	3.55138085950675	3.67164911584221	3.47655586741742	3.6118931187869	3.88091997538645	3.82666692522465	3.72255106531118	3.71605184166705	3.5773056105415	3.66980323854176	3.86062202561976	4.02356216502131	3.74962101389231	3.92355628203875	3.72807045149124	3.89738297102571
destroy.BOWnobound10nav-nap.PPMIweight.LENGTHFOC.SOCPOSnav	4.1756098789886	3.58824077509998	3.99060090288342	3.09705253466048	2.29277241962466	1.20541712149997	3.75678641068265	3.13458413185707	3.37531666984951	2.48327860174054	1.69167882425263	0	3.54257603093807	3.04615978689551	3.29666824708668	2.62923400785684	2.21353001938934	1.39606173928125	4.28008436250837	3.87926899178945	4.10557725403314	3.47979149974426	2.73457566061098	2.2460039867127	3.99853371079171	3.59305922255345	3.6404773152482	3.08272357942542	2.37990382149064	1.94228786419648	3.8653738743839	3.52365677676071	3.6328682500784	3.19705302123711	2.70732505091498	2.3109571495072	4.61431741586676	3.99936718618844	4.57175527797871	3.77877478350012	3.66017875339017	3.01928556883026	4.28624286452826	3.65436877650364	4.12480181999087	3.38179116031286	3.37076652160448	2.87887682338131	4.17142588643633	3.66139768545116	4.09553433153738	3.49996222086332	3.60119040607826	3.16798235445587	4.83021931064038	4.26168269738355	4.79675019246503	4.18345244651126	4.19030897700951	3.76381339360563	4.64748061691612	4.04997387510433	4.60155899068423	3.91719420858878	3.83502420580066	3.33462590851154	4.71212549803988	4.12227810149996	4.66480697557993	3.96985570696972	4.56722160249211	4.25732428246251	4.29176141394044	4.00552957040909	4.03626691518182	3.88415861350611	4.57104877995715	4.05963359064589	4.49358781307863	3.98211727414703	4.16583261757002	3.81402676897523	3.66149107167365	3.76977435902717	3.48358207915776	3.57283499411388	3.41655345848917	3.51740959152523	3.81065317047875	3.62950879041039	3.67287688735824	3.53056561599826	3.54279012437884	3.4847410505861	3.85989410951033	3.95149197057575	3.76389761281843	3.8646857813435	3.73731255189312	3.83455656372785
destroy.BOWnobound10nav.PPMIno.LENGTH5000.SOCPOSnav	3.57845083072015	3.30192073708929	3.74323833895806	3.45604562473577	3.60800308271551	3.6662062611793	2.74712082878011	2.7417432355153	2.8606895937195	2.9837262359606	3.36413733433005	3.54257603093807	0	1.75713455938454	1.90585936768888	2.55664481441846	3.19432884197269	3.41581798796282	3.80471253778321	3.62494994347473	3.9140491270643	3.71090670957413	3.76148245206973	3.82718777830013	3.35830443762085	3.31531402313763	3.3471064885544	3.41160474415802	3.61102810630819	3.75278872847356	2.48017802270217	2.77237088089644	2.82896932877832	3.14420372902249	3.49468797596029	3.66111335889229	4.47629459736081	4.15731233949431	4.54047897706199	4.16574271719368	4.25180937590718	4.16131462715652	4.05023647625586	3.88113540408116	4.09339090371991	3.93642468344587	4.09288065713388	4.11313650447743	3.5336428496813	3.5778799100824	3.7982349060086	3.76400974049319	4.02586482922272	4.04435361355213	4.95271660606123	4.65897457343975	4.93018934276562	4.64948150992022	4.62926721287157	4.5406903959349	4.83270505494325	4.48437374583703	4.83569598441847	4.50390456591073	4.50694264286473	4.4023186677634	4.84987316934415	4.49769290822023	4.82350586018997	4.46715227863884	4.85920411047417	4.74159348300438	4.64493584655856	4.55971949249537	4.523322597147	4.51603633752848	4.74547651137929	4.58770928990364	4.69294601756849	4.55125316334438	4.62361427338119	4.57194586943956	3.95436385532755	4.09165007223219	3.83900987382591	3.9642772394714	3.78227530588298	3.9124077151673	4.17212500823751	4.15957981542466	4.09602418728424	4.10861394976498	4.03559359413434	4.09452251170142	4.07841277809503	4.19007510387982	4.01206058769465	4.12879340176116	3.98327164502117	4.09951927225181
destroy.BOWnobound10nav.PPMIno.LENGTHFOC.SOCPOSnav	3.63728416297615	2.86000903782444	3.76209594696578	2.96835456590022	3.52012521137912	3.20535224465672	2.99422197054822	2.14259168422799	3.0480692153197	2.38251764367143	3.26143973931929	3.04615978689551	1.75713455938454	0	2.3427966842289	1.78645246379771	3.11871241057669	2.89767976155136	3.78439066746718	3.30936236674877	3.86091523385523	3.31893573954263	3.62949113213251	3.42074678441583	3.40190119486414	2.93647044761223	3.34668628866602	2.94106054932496	3.4583853898523	3.31682326653274	2.74615594936003	2.32156251086842	2.9214437933128	2.62162366486091	3.36715664864187	3.21766369427344	4.56620522345345	3.99198245948151	4.61673965843355	3.9824464814384	4.26539300502521	3.93447567135636	4.21500566591652	3.6750197779758	4.22458182335693	3.70911965841617	4.08610755617012	3.86364333690354	3.8053949733148	3.38405764483559	3.95836178227228	3.53165007520233	4.0387077238049	3.8044599615197	4.94865920810916	4.49871893910089	4.93058342741114	4.48456945618274	4.61620121905745	4.36888894544075	4.80610088164976	4.2862832838429	4.81319896226079	4.29503998407158	4.4558278465334	4.16774438699022	4.8468780697558	4.34695795578991	4.82532452120048	4.30113334785731	4.80407514253296	4.57509062913051	4.57629366729456	4.37705025998307	4.44626993474343	4.33992504307112	4.75620263311284	4.41654631897408	4.70434903908193	4.38123250805836	4.60286911019706	4.40123947885111	3.83909177089255	3.95581064404596	3.71322618826438	3.81126281567295	3.65705815545083	3.75944032202289	4.05057484232783	3.94256328832204	3.9689591326075	3.88921061320998	3.90622710618935	3.87682369595341	4.01209335019548	4.08532893667171	3.94514189563474	4.02638935842398	3.91493037208024	3.99595230467426
destroy.BOWnobound10nav.PPMIselection.LENGTH5000.SOCPOSnav	3.92164287746519	3.64366641414466	3.60438786089354	3.332263063446	3.37963366367053	3.48158330238501	3.22346407564266	3.11150489345586	2.38397007643605	2.65558672967941	3.02768444821765	3.29666824708668	1.90585936768888	2.3427966842289	0	1.95387204440543	2.75793584859585	3.0930850656566	4.12432530166352	3.93875742151723	3.89895727768468	3.70878587923902	3.63195971921728	3.72230207208884	3.73105927481473	3.63065031184764	3.16539486732321	3.28160010281073	3.39225644994544	3.59400639915253	3.11583567444855	3.20411444030516	2.50001753177007	2.92246704703203	3.20604694024455	3.44295204061955	4.49396376815284	4.16839592057777	4.42141463742455	4.03632580010658	4.10038189966285	4.01161246337203	4.0276124400844	3.82593312714425	3.7958023938163	3.67652287730656	3.85639066199425	3.90680477343655	3.46986264583709	3.47624615761186	3.382123151043	3.43008503289258	3.7426476062098	3.80375506500608	4.89703247703556	4.59598667320049	4.83750054160398	4.54083973212903	4.48888212114901	4.40322736700759	4.77504074414243	4.42939964165467	4.70532328937752	4.36472036605911	4.33022597743627	4.23508119906605	4.78315873003405	4.41990652662803	4.70339475112587	4.32212243050664	4.7658968655373	4.65078702415624	4.51738616840995	4.43728262108221	4.38935134963962	4.3925042954018	4.62408653776237	4.46846436517187	4.54130497106181	4.40365003313261	4.47757745380293	4.43896569620101	3.9684484998566	4.09171756023144	3.8301210440815	3.94564704166173	3.78071635567291	3.89880993440367	4.14572605310999	4.11842252944629	4.04178639338755	4.04615354662141	3.98104879888691	4.03877015199834	4.01877022616327	4.12988688976872	3.92534399625841	4.05018711196596	3.9002817118173	4.0232851407826
destroy.BOWnobound10nav.PPMIselection.LENGTHFOC.SOCPOSnav	3.95327206364756	3.29411462238578	3.73532114296083	2.76296439318656	3.34221265349964	2.88743821788783	3.40747108593427	2.6929102661339	2.88600282583538	1.84255175104683	2.99060785181286	2.62923400785684	2.55664481441846	1.78645246379771	1.95387204440543	0	2.77396286945229	2.35986259840558	4.07928616698544	3.65429579146177	3.90627687536353	3.27997587025976	3.52430906546217	3.22809460458989	3.73782077901831	3.30516227699339	3.30973822998045	2.76082437353569	3.27447790066721	3.05193560285136	3.25743311525273	2.85111399644223	2.81783243479102	2.30091665665167	3.1262330195372	2.87031588165755	4.61790756288472	4.02867135792853	4.58398169089676	3.84904975881038	4.16453580769287	3.74103826628236	4.24570929368885	3.64870934381254	4.08888386421958	3.42854278754849	3.91468581217438	3.60518834627826	3.84376964312225	3.33645385373645	3.77878345617681	3.18960833239107	3.84487046075324	3.51895062663516	4.94087066432024	4.45388480740154	4.90518973591989	4.39273972714535	4.54246203594219	4.23480932022394	4.79045485804743	4.25246760649497	4.75244576974164	4.16003236714406	4.33944030299792	3.98333139994659	4.83741635158255	4.30963404039592	4.78543656996536	4.18398026134322	4.75811124035772	4.49527405662873	4.5072605060986	4.26389996476972	4.3663511488736	4.22567532399047	4.70285178379011	4.30821716421926	4.63605166861819	4.24219299112995	4.51743975875542	4.26281069662459	3.83866234880473	3.94224594185516	3.68893454407362	3.77376102855618	3.64284367269885	3.72896060078762	4.00538057083135	3.86189495036498	3.90174976946492	3.78381705013312	3.84284805953937	3.78216906610851	3.95033372779549	4.00928261102798	3.86035674521609	3.93273139559902	3.83488679077867	3.90699271772832
destroy.BOWnobound10nav.PPMIweight.LENGTH5000.SOCPOSnav	4.30992287388753	3.96923329995171	4.08523860112754	3.6195772145533	2.23934741467908	2.47811412368321	3.87137282234976	3.60162710376563	3.41501310865086	3.16813416925912	1.57479021782599	2.21353001938934	3.19432884197269	3.11871241057669	2.75793584859585	2.77396286945229	0	1.66753984738921	4.44321918652003	4.20350393242359	4.24051089163935	3.91173441689926	2.87453487049745	3.031095351378	4.17722732397135	3.98456406147935	3.79090904197615	3.62880566213595	2.56287851406114	2.88960552253006	3.77772173038446	3.67841895630026	3.44349020437219	3.41224266840198	2.07302922027801	2.54058923807409	4.61144036418701	4.21764845541436	4.53328760988471	4.02689211654825	3.52891375370492	3.40803443736132	4.25847131867221	3.93560255057597	4.04884681265359	3.72476441460285	3.2254600961698	3.31638864619201	3.81370044875841	3.63909713418319	3.72346697711535	3.53153496857872	3.07342695548061	3.20345864509264	4.83098635240279	4.42549333885974	4.76710112523685	4.34186847656421	4.06138851636489	3.93449277600772	4.68025990434487	4.24666585515895	4.59865927112055	4.12139876315046	3.6973304888059	3.56699533865933	4.70667441440911	4.25982768741369	4.62464459773542	4.10974807140942	4.64854706700465	4.49056177964208	4.34260941890725	4.2320257515366	4.07455994471985	4.10356399078236	4.54432321190536	4.25909738545651	4.43068405523889	4.16433681295	4.04492077330663	3.98259822200824	3.91087324568401	4.0213486718015	3.75414911954488	3.85815295113937	3.6883555106537	3.80169179107375	3.95406378569532	3.89393755771633	3.80398206283772	3.78788259810488	3.66322379637474	3.74345810301874	3.81748098647914	3.98760430266951	3.70226706034105	3.88743228812555	3.67893074135193	3.85945405087084
destroy.BOWnobound10nav.PPMIweight.LENGTHFOC.SOCPOSnav	4.29344234397235	3.75553627128278	4.12374806352853	3.31980235946638	2.65091409321476	1.88004023299923	3.93569545493066	3.37538339885283	3.59188925827979	2.81834525943616	2.1712501275002	1.39606173928125	3.41581798796282	2.89767976155136	3.0930850656566	2.35986259840558	1.66753984738921	0	4.38905095510158	4.01031102683562	4.22520738227404	3.65676297609796	3.04856934640196	2.63739194011863	4.14718217116568	3.76775925893304	3.83202928781075	3.3309611267562	2.76844707081396	2.41558407485541	3.82776861291831	3.47539991137369	3.55314961410756	3.09908427863638	2.46437795127805	2.00662756231385	4.71022749364958	4.1319320720352	4.66317063183388	3.9195540646033	3.79116054959	3.2162922262998	4.41218098245475	3.81756642549537	4.25142817871219	3.5614892127005	3.51250053890269	3.07373721015984	4.07579020157621	3.5501671632095	3.99139172337118	3.37094963719491	3.43292072970393	2.96739261508731	4.89261926202089	4.34977085689658	4.85219898818107	4.26978250603894	4.25216394596944	3.85035536869834	4.73055867910566	4.15697502866258	4.6797658717856	4.02201686987492	3.91041090598674	3.43728312328038	4.78343803332017	4.21859627950032	4.72748874675567	4.05903499663979	4.6706449344668	4.37140818992819	4.39352562818477	4.11598713762749	4.15302765245841	3.99891587496074	4.65400271084544	4.17269904221526	4.56823698285893	4.08384265697593	4.23054962230402	3.89195073814827	3.81348926525852	3.91568733750628	3.65131489387747	3.73295557827468	3.58854185933667	3.6779897725801	3.88484444254778	3.70125982246223	3.75367933116471	3.60217532818973	3.6265276773533	3.55765045161087	3.8321869120519	3.91008803586314	3.72769312502009	3.818621626243	3.7016088312184	3.78865720108045
destroy.BOWnobound15all.PPMIno.LENGTH5000.SOCPOSnav	2.69543890491563	2.84156488907499	3.37469005132115	3.42521233066086	4.10384893799632	4.12016493893351	3.34877235646964	3.38189746780455	3.88555264714834	3.84483564660915	4.31244455002464	4.28008436250837	3.80471253778321	3.78439066746718	4.12432530166352	4.07928616698544	4.44321918652003	4.38905095510158	0	1.62818573785309	2.33195579863572	2.75312984990852	3.82825608855423	3.90641626643928	2.27611555921485	2.57884296889514	3.24764139363043	3.38742942941691	4.06531761098369	4.07711569886248	3.1506903291362	3.24127086361904	3.63667877156971	3.70770759467591	4.21320733856589	4.19650056973556	4.34320108260608	4.14298880420685	4.57963969323042	4.34703220851701	4.6661927459382	4.55038488792225	4.54383481229945	4.37982991250778	4.75482247170955	4.56418053847321	4.79891431105758	4.68880451809218	4.65445825300333	4.52128215886602	4.80634123286443	4.63474182219283	4.8494228214126	4.73299999060575	4.79092576602458	4.56918037051198	4.85312230794851	4.63098276105996	4.78245100328119	4.69983019778773	4.54934716631219	4.32606092466546	4.67496470732891	4.45673616863688	4.65839025789437	4.57228499237941	4.7024369573699	4.45963984664449	4.77589760893784	4.52761642546843	4.8366739402921	4.76452087110302	4.74395612955419	4.66505982728732	4.67718172463482	4.64637964981387	4.85635131866841	4.72165398219903	4.86291984924922	4.72565165002801	4.83918653411234	4.7693771569562	3.87598859041205	4.01539425213319	3.80181597701881	3.90688672058844	3.72683124656185	3.84421695334411	4.23078338642543	4.24203593764578	4.20088726370363	4.19704772408847	4.1521160625757	4.18655550064901	4.22434854548722	4.28725717884489	4.17680256641419	4.24403686464698	4.14610532991297	4.21270726578116
